#human ID and exons, \t fish iD and exons and after colon identical exons, and so on
54884:[1, 2, 3, 4, 5, 6, 7, 8, 9, 10, 11]	325922:[1, 2, 3, 4, 5, 6, 7, 8, 9, 10, 11]:[2, 5, 6, 8, 10]	777751:[1, 2, 3, 4, 5, 6, 7, 8, 9, 10, 11]:[2, 5, 6]	
54084:[1, 3, 4, 5, 6, 7, 8, 9, 10, 11, 12, 13]	555223:[1, 2, 3, 4, 5, 6, 7, 8, 9, 10, 11, 12]:[6, 8, 9, 10, 11, 12, 13]	570420:[1, 2, 3, 4, 5, 6, 7, 8, 9, 10, 11, 12]:[5, 6, 7, 8, 9, 10, 11, 12, 13]	
338322:[2, 3]	799502:[2, 3]:[]	794214:[2, 3, 4, 5, 6, 7]:[]	
6364:[1, 2, 3, 4]	100192217:[1, 2, 3, 4]:[]	563152:[1, 2, 3, 4]:[]	
10577:[1, 2, 3, 4, 5]	565099:[1, 2, 3, 4]:[2, 3, 4]	282673:[2, 3, 4, 5]:[2, 3, 4]	
1610:[3, 4, 5, 6, 7, 8, 9, 10, 11, 12]	402994:[2, 3, 4, 5, 6, 7, 8, 9, 10, 11]:[3, 5, 6, 7, 8, 9, 10, 12]	619259:[2, 3, 4, 5, 6, 7, 8, 9, 10, 11]:[3, 4, 5, 6, 7, 8, 9, 10, 12]	
55742:[1, 2, 3, 4, 5, 6, 7, 8, 9, 10, 11, 12, 13, 14]	442922:[1, 2, 3, 4, 5, 6, 7, 8, 9, 10, 11, 12, 13]:[2, 3, 4, 5, 6, 7, 8, 9, 10, 11, 12, 13, 14]	567123:[1, 2, 3, 4, 5, 6, 7, 8, 9, 10, 11, 12, 13]:[2, 3, 4, 5, 6, 7, 8, 9, 10, 11, 12, 13, 14]	
5879:[1, 2, 3, 4, 5, 6, 7]	562838:[1, 2, 3, 4, 5, 6]:[1, 2, 3, 5, 6, 7]	327204:[1, 2, 3, 4, 5, 6]:[1, 2, 3, 5, 6, 7]	
10212:[3, 4, 5, 6, 7, 8, 9, 10, 11, 12]	325550:[2, 3, 4, 5, 6, 7, 8, 9, 10]:[3, 4, 5, 6, 7, 8, 9, 10, 11]	406249:[2, 3, 4, 5, 6, 7, 8, 9, 10]:[3, 4, 5, 6, 7, 8, 9, 10, 11]	
6427:[1, 2]	406691:[1, 2]:[1, 2]	323700:[1, 2]:[1, 2]	
5868:[2, 4, 5, 6, 7]	337737:[2, 3, 4, 5, 6]:[4, 5, 6, 7]	386807:[2, 3, 4, 5, 6]:[4, 5, 6, 7]	393945:[2, 3, 4, 5, 6]:[4, 5, 6, 7]	
5860:[1, 2, 3, 4, 5, 6, 7]	791448:[1, 2, 3, 4, 5, 6, 7]:[1, 2, 3, 4, 5, 6, 7]	566323:[1, 2, 3, 4, 5, 6, 7]:[1, 2, 3, 4, 5, 6, 7]	
51123:[6, 7]	445276:[3, 4]:[6, 7]	402905:[2, 3]:[6, 7]	
10092:[1, 2, 3, 4]	399482:[1, 2, 3, 4]:[1, 2, 3, 4]	336504:[1, 2, 3, 4]:[1, 2, 3, 4]	
283537:[2, 3, 4, 5, 6, 7]	556282:[2, 3, 4, 5, 6, 7]:[3, 4]	556497:[2, 3, 4, 5, 6]:[4, 5]	
51050:[2, 3, 4, 5, 6]	561978:[2, 3, 4, 5, 6]:[2, 3, 4, 5, 6]	556658:[2, 3, 4, 5, 6]:[2, 3, 4, 5, 6]	
3799:[1, 3, 4, 5, 6, 7, 8, 9, 10, 11, 12, 13, 14, 15, 16, 17, 18, 19, 20, 21, 22, 23, 24, 25, 26]	334108:[1, 2, 3, 4, 5, 6, 7, 8, 9, 10, 11, 12, 13, 14, 15, 16, 17, 18, 19, 20, 21, 22, 23, 24, 25]:[1, 3, 4, 5, 6, 7, 8, 9, 10, 11, 12, 13, 14, 15, 16, 17, 18, 19, 20, 21, 22, 23, 24, 25, 26]	563459:[1, 2, 3, 4, 5, 6, 7, 8, 9, 10, 11, 12, 13, 14, 15, 16, 17, 18, 19, 20, 21, 22, 23, 24, 25]:[1, 3, 4, 5, 6, 7, 8, 9, 10, 11, 12, 13, 14, 15, 16, 17, 18, 19, 20, 21, 22, 23, 24, 25, 26]	
2151:[1, 2]	100333265:[1, 2]:[]	100148468:[1, 2]:[]	
2152:[1, 2, 3, 4, 5, 6]	567257:[1, 2, 3, 4, 5, 6]:[]	550423:[1, 2, 3, 4, 5, 6]:[2]	
2158:[1, 2, 3, 4, 5, 6, 7, 8]	678552:[1, 2, 3, 4, 5, 6, 7, 8]:[2, 4]	359826:[1, 2, 3, 4, 5, 6, 7, 8]:[2, 3, 4]	
10524:[1, 2, 3, 4, 5, 6, 7, 8, 9, 10, 11, 12, 13, 14]	503731:[1, 2, 3, 4, 5, 6, 7, 8, 9, 10, 11, 12, 13, 14, 15]:[2, 3, 4, 5, 6, 7, 8, 9, 10, 11, 12, 13, 14]	436638:[1, 2, 3, 4, 5, 6, 7, 8, 9, 10, 11, 12, 13, 14, 15]:[2, 3, 4, 5, 6, 7, 8, 9, 10, 11, 12, 13, 14]	
84141:[6, 7]	767647:[4, 5]:[7]	101882949:[1, 2, 3, 4, 5, 7, 8, 9]:[7]	
7319:[1, 2, 3, 4, 5, 6]	325470:[1, 2, 3, 4, 5, 6]:[1, 2, 3, 4, 5, 6]	797853:[1, 2, 3, 4, 5, 6]:[1, 2, 3, 4, 5, 6]	
286046:[1, 2, 3, 4]	108179076:[1, 3, 4]:[1, 3, 4]	792104:[1, 2, 3]:[1, 3, 4]	
5255:[1, 2, 3, 4, 5, 6, 7, 8, 9, 10, 11, 12, 13, 14, 15, 16, 17, 18, 19, 20, 21, 22, 23, 24, 25, 26, 27, 28, 29, 30, 31, 32]	572183:[2, 3, 4, 5, 6, 7, 8, 9, 10, 11, 12, 13, 14, 15, 16, 17, 18, 19, 20, 21, 22, 23, 24, 25, 26, 27, 28, 29, 30, 31, 32, 33, 34]:[1, 2, 3, 4, 5, 6, 7, 8, 9, 10, 11, 12, 13, 14, 15, 16, 17, 18, 21, 22, 23, 24, 25, 26, 27, 29, 30, 31, 32]	562402:[1, 2, 3, 4, 5, 6, 7, 8, 9, 10, 11, 12, 13, 14, 15, 16, 17, 18, 19, 20, 21, 23, 24, 25, 26, 27, 28, 29, 30, 31, 32, 33, 34]:[1, 2, 3, 4, 5, 6, 7, 8, 9, 10, 11, 12, 13, 14, 15, 16, 17, 18, 20, 22, 23, 24, 25, 26, 29, 30, 31, 32]	
11014:[1, 2, 3, 4, 5]	325464:[1, 2, 3, 4, 5]:[1, 2, 3, 4, 5]	373129:[1, 2, 3, 4, 5]:[1, 2, 3, 4, 5]	
11331:[1, 2, 3, 4, 5, 6, 7, 8, 9, 10]	436954:[1, 2, 3, 4, 5, 6, 7, 8, 9, 10]:[1, 2, 3, 4, 5, 6, 7, 10]	324421:[1, 2, 3, 4, 5, 6, 7, 8, 9, 10]:[1, 2, 3, 4, 5, 6, 7, 8]	
55201:[1, 2, 3, 4, 5, 6, 7, 8]	562808:[1, 2, 3, 4, 5, 6, 7]:[3, 5, 7, 8]	565533:[1, 2, 3, 4, 5, 6, 7]:[3, 7, 8]	
6749:[2, 3, 4, 5, 6, 7, 8, 9, 10, 11, 12, 13, 14, 15, 16, 17]	449949:[2, 3, 4, 5, 6, 7, 8, 9, 10, 11, 12, 13, 14, 15, 16, 17, 18, 19]:[2, 3, 4, 5, 6, 7, 8, 9, 10, 11, 12, 13, 14, 15, 17]	386844:[2, 3, 4, 5, 6, 7, 8, 9, 10, 11, 12, 13, 14, 15, 16, 17, 18]:[2, 3, 4, 5, 6, 7, 8, 9, 10, 11, 12, 14, 17]	
1573:[4, 5, 6, 7, 8, 9, 10, 11, 12]	393592:[2, 3, 4, 5, 6, 7, 8, 9, 10]:[6, 7, 9, 10, 11, 12]	100034366:[1, 2, 3, 4, 5, 6, 7, 8, 9]:[6, 7, 9, 10, 11, 12]	
5328:[3, 4, 5, 6, 7, 8, 9, 10, 11, 12]	100538108:[4, 5, 6, 7, 8, 9, 10, 11, 12, 13, 14]:[12]	100008445:[2, 3, 4, 5, 6, 7, 8, 9, 10, 11]:[12]	
167681:[3]	431759:[2]:[3]	100002503:[2]:[3]	
5738:[1, 2, 3, 4, 5, 6, 7, 8, 9, 10]	101883373:[1, 2, 3, 4, 5, 6, 7, 8]:[]	101884699:[1, 2, 3, 4, 5, 6, 7, 8, 9]:[]	
57597:[3, 4, 5, 6, 7, 8, 9, 10, 11, 12, 13, 14, 15, 16, 17, 18, 19, 20, 21, 22, 23, 24, 25, 26, 27, 28, 29, 30]	797750:[2, 3, 4, 5, 6, 7, 8, 9, 10, 11, 12, 13, 14, 15, 16, 17, 18, 19, 20, 21, 22, 23, 24, 25, 26, 27, 28, 29]:[3, 4, 5, 8, 9, 10, 15, 16, 23, 24, 25, 26, 29, 30]	794333:[3, 4, 5, 6, 7, 8, 9, 10, 11, 12, 13, 14, 15, 16, 17, 18, 19, 20, 21, 22, 23, 24, 25, 26, 27, 28, 29, 30]:[3, 4, 5, 8, 9, 10, 15, 16, 22, 23, 24, 25, 29, 30]	
134265:[1, 3, 4, 5, 6, 7, 8, 9, 10, 11, 12, 13, 14, 15, 16, 17, 18, 19, 20, 21]	768144:[1, 2, 3, 4, 5, 6, 7, 8, 9, 10, 11, 12, 13, 14, 15, 16, 17, 18, 19]:[6, 8, 9, 10, 14, 15, 18, 21]	566757:[1, 2, 3, 4, 5, 6, 7, 8, 9, 10, 11, 12, 13, 14, 15, 16, 17, 18, 19, 20]:[3, 4, 6, 8, 9, 10, 13, 15, 18, 20, 21]	
5132:[2, 4, 5]	386613:[2, 3, 4]:[4, 5]	386614:[2, 3, 4]:[4, 5]	
91703:[3, 4, 5, 6, 7, 8, 9]	436619:[4, 5, 6, 7, 8, 9]:[]	791456:[1, 2, 3, 4, 5, 6, 7]:[7]	
23597:[1, 2, 3, 4, 5, 6, 7, 8, 9, 10, 11, 12, 13, 14, 15, 16]	798008:[1, 2, 3, 4, 5, 6, 7, 8, 9, 10, 11, 12, 13, 14, 15]:[4, 5, 6, 7, 8, 9, 10, 11, 12, 13, 14, 15, 16]	798073:[1, 2, 3, 4, 5, 6, 7, 8, 9, 10, 11, 12, 13, 14, 15, 16]:[4, 5, 6, 7, 8, 9, 10, 11, 12, 13, 14, 15, 16]	
57213:[1, 2, 3, 4, 5]	393498:[1, 2, 3, 4, 5]:[1, 2, 3, 4, 5]	407615:[1, 2, 3, 4, 5]:[1, 2, 3, 4, 5]	
79948:[3, 4, 5, 6, 7, 8, 9]	570173:[3, 4, 5, 6, 7, 8, 9]:[3, 4, 5, 6, 7, 8]	553336:[1, 2, 3, 4, 5, 6, 7, 8]:[3, 4, 5, 6, 7, 8]	
26135:[1, 2, 3, 4, 5, 6, 7, 8]	335449:[1, 2, 3, 4, 5, 6, 7, 8]:[1, 2, 3, 4, 5, 6, 7, 8]	797732:[1, 2, 3, 4, 5, 6, 7, 8, 9]:[1, 2, 3, 4, 5, 6, 7, 8]	
885:[5, 6]	100000095:[2, 3]:[6]	100007763:[2, 3]:[6]	
657:[7, 8, 9, 10, 11, 12, 13, 14, 15, 16, 17]	58145:[8, 9, 10, 11, 12, 13, 14, 15, 16, 17, 18]:[8, 9, 10, 12, 13, 14, 15, 16, 17]	447846:[3, 4, 5, 6, 7, 8, 9, 10, 11, 12, 13]:[8, 9, 10, 12, 13, 14, 15, 16, 17]	
284069:[1, 2, 3, 5, 6, 7, 8, 9]	797104:[1, 2, 3, 4, 5, 6, 7, 8]:[3, 7, 8]	556398:[1, 2, 3, 4, 5, 6, 7, 8]:[3, 7, 8]	
23765:[1, 2, 3, 4, 5, 6, 7, 8, 9, 10, 11, 12, 13]	100005924:[1, 2, 3, 4, 5, 6, 7, 8, 9, 10, 11]:[2, 9]	561494:[1, 2, 3, 4, 5, 6, 7, 8, 9, 10, 11]:[2, 9]	
27074:[2, 3, 4, 5, 6, 7, 8, 9, 10]	541406:[1, 2, 3, 4, 5, 6, 7]:[]	100000085:[1, 2, 3, 4, 5, 6]:[]	
27091:[2, 3, 4, 5, 6]	100331116:[2, 3, 4, 5, 6]:[2, 3, 4, 5, 6]	797409:[2, 3, 4, 5, 6, 7]:[2, 3, 4, 5, 6]	
116064:[1, 2, 3, 4, 5]	564300:[1, 2, 3, 4]:[3, 4, 5]	100000656:[1, 2, 3, 4]:[3, 4, 5]	
129642:[1, 3, 4, 5, 6, 7, 8, 9, 10, 11, 12, 13, 14]	570695:[1, 2, 3, 4, 5, 6, 7, 8, 9, 10, 11, 12, 13, 14]:[1, 3, 4, 5, 6, 8, 10, 11, 12, 13]	692278:[1, 2, 3, 4, 5, 6, 7, 8, 9, 10, 11, 12, 13]:[1, 3, 4, 5, 6, 7, 8, 10, 11, 12, 13]	
306:[2, 3, 4, 5, 6, 7, 8, 9, 10, 11, 12, 13, 14]	492336:[2, 3, 4, 5, 6, 7, 8, 9, 10, 11, 12, 13, 14]:[4, 5, 7, 8, 12, 13, 14]	447893:[2, 3, 4, 5, 6, 7, 8, 9, 10, 11, 12, 13, 14]:[6, 8, 9, 13, 14]	
317762:[1, 2, 3, 4, 5, 6, 7, 8, 9]	751667:[1, 2, 3, 4, 5, 6]:[1, 2, 6, 7, 8, 9]	436901:[1, 2, 3, 4, 5, 6, 7]:[1, 2, 6, 8, 9]	
6598:[1, 2, 3, 4, 5, 6, 7, 8, 9]	30731:[1, 2, 3, 4, 5, 6, 7, 8, 9, 10]:[1, 2, 3, 4, 5, 6, 7, 8, 9]	799716:[1, 2, 3, 4, 5, 6, 7, 8, 9]:[1, 2, 3, 4, 5, 6, 7, 8, 9]	
23545:[1, 2, 3, 4, 5, 6, 7, 8, 9, 10, 11, 12, 13, 14, 15, 16, 17, 18, 19, 20, 21]	561117:[1, 2, 3, 4, 5, 6, 7, 8, 9, 10, 11, 12, 13, 14, 15, 16, 17, 18, 19, 20]:[1, 2, 3, 4, 5, 6, 7, 8, 10, 11, 12, 13, 14, 15, 16, 19, 20, 21]	561469:[2, 3, 4, 5, 6, 7, 8, 9, 10, 11, 12, 13, 14, 15, 16, 17, 18, 19, 20, 21]:[1, 2, 4, 5, 6, 7, 8, 10, 11, 12, 13, 14, 15, 16, 17, 19, 20, 21]	
55970:[6, 7]	406604:[3, 4]:[6, 7]	100331581:[3, 4]:[6, 7]	
26103:[1, 2, 3, 4, 5]	553432:[1, 2, 3, 4]:[4, 5]	553943:[1, 2, 3, 4]:[4]	
56952:[1, 2, 3, 4, 5, 6, 7, 8, 9]	30765:[1, 2, 3, 4, 5, 6, 7, 8, 9]:[2, 3, 5, 6, 7, 8, 9]	100334391:[1, 2, 3, 4, 5, 6, 7, 8, 9]:[2, 3, 4, 5, 8, 9]	
83648:[7, 8]	768193:[3, 4]:[8]	567341:[2, 3]:[8]	100535961:[2, 3]:[8]	
338440:[1, 2, 3, 4, 5, 6, 7, 8, 9, 10, 11, 12, 13, 14, 15, 16, 17, 18, 19, 20, 21, 22, 23]	562630:[1, 2, 3, 4, 5, 6, 7, 8, 9, 10, 11, 12, 13, 14, 15, 16, 17, 18, 19, 20, 21, 22, 23, 24]:[6, 8, 10, 11, 15, 16, 17, 19, 20, 22]	559809:[1, 2, 3, 4, 5, 6, 7, 8, 9, 10, 11, 12, 13, 14, 15, 16, 17, 18, 19, 20, 21, 22, 23, 24]:[8, 10, 14, 15, 16, 17, 19, 20, 22]	
10390:[4, 5, 6, 7, 8, 9, 10, 11, 12]	560225:[3, 4, 5, 6, 7, 8, 9, 10, 11]:[4, 5, 6, 8, 9, 10, 11, 12]	570720:[3, 4, 5, 6, 7, 8, 9, 10, 11]:[4, 5, 6, 7, 8, 9, 10, 11, 12]	
5881:[1, 2, 3, 4, 5, 6]	795167:[1, 2, 3, 4, 5, 6]:[1, 2, 3, 4, 5, 6]	437027:[1, 2, 3, 4, 5, 6]:[1, 2, 3, 4, 5, 6]	
10123:[1, 2]	550444:[1]:[1]	406531:[1]:[1]	
338707:[1, 3, 4, 5, 6, 7, 8, 9, 10, 11, 12, 13, 14, 15, 16, 17, 18, 19, 20, 21]	565184:[1, 2, 3, 4, 5, 6, 7, 8, 9, 10, 11, 12, 13, 14, 15, 16, 17, 18, 19, 20]:[1, 5, 6, 7, 8, 9, 10, 11, 12, 13, 14, 16, 17, 18, 19, 20, 21]	559305:[2, 3, 4, 5, 6, 7, 8, 9, 10, 11, 12, 13, 14, 15, 16, 17, 18, 19, 20, 21]:[1, 5, 6, 7, 8, 9, 10, 11, 12, 13, 14, 16, 17, 18, 19, 20, 21]	
388650:[1, 3, 4, 5, 6, 7]	678606:[1, 2, 3, 4, 5]:[3, 4, 5, 6]	797682:[1, 2, 4, 5, 6, 7, 8]:[1, 3, 4, 5, 6]	
116:[1, 2, 3, 4, 5, 6, 7]	259257:[2, 3, 4, 5, 6, 7]:[5, 7]	335625:[2, 3, 4, 5]:[3, 5]	
7295:[1, 2, 3, 4, 5]	436734:[1, 2, 3, 4, 5]:[1, 2, 3, 4, 5]	336637:[1, 2, 3, 4, 5]:[2, 3, 4]	
